7
6
  2 3 4 5 6 1
-10 3 3 3 3 2
(7)

6
5
6  4  4  7  3
5 -1 -4 -1 -1
(11)

4
5
6 4 4
5 -1 -4
(7)

6
5
2 6 2 4 5
2 3 2 -3 2
(10)

6
5
7 3 6 5 6
5 -6 0 0 0
(13)

5
5
6 1 2 7
-2 -7 7 -20
(-15)

12
5
6  1  2 7  3   6  1  2 7  4  6
-2 -7 7 -2 -13 -2 -7 7 -2 -5 -2
1  2  3 4  5   6  7  8 9  10 11
(-1)


7
5
2 6 7 4 4 5
-50 3 2 -2 -20 12
(-36)


7
5
5 5 5 5 5 5
-1 -1 -1 -1 -1 -1
(1)


7
5
3 6 1 8 10 4
4 3 -2 4 6 1
(25)







10
5
6  1  2 7  3   6  5 6 3
-2 -7 7 -2 -13 -2 -7 7 -2
1  2  3 4  5   6  7  8 9
(-1)





5
5
6 1 2 7
-2 -7 7 -2


12
5
6  1  2 7  3   6  1  2 7  4  6
-2 -7 7 -2 -13 -2 -7 7 -2 -5 -2
1  2  3 4  5   6  7  8 9  10 11

10
5
6  1  2 7  3   6  1  2 7
-2 -7 7 -2 -13 -2 -7 7 -2
1  2  3 4  5   6  7  8 9




4
5
2 6 2
2 3 2